25 1
1
-1 -1 -1 -1 8 -1 -1 -1 -1 -1 -1 10 -1 -1 -1 -1 32 -1 -1 -1 -1 -1 -1 41
-1 -1 -1 -1 -1 -1 11 -1 -1 -1 -1 -1 -1 -1 11 -1 -1 -1 -1 10 -1 -1 11
-1 11 -1 -1 -1 -1 -1 -1 -1 -1 11 -1 -1 -1 75 9 -1 -1 -1 -1 9 -1
-1 -1 -1 -1 -1 9 -1 -1 -1 -1 -1 8 -1 -1 -1 -1 -1 -1 -1 -1 -1
-1 -1 -1 -1 -1 -1 -1 -1 10 -1 10 -1 -1 8 -1 -1 -1 -1 9 -1
-1 -1 -1 -1 -1 -1 -1 -1 -1 -1 -1 -1 -1 -1 8 -1 -1 -1 45
-1 -1 -1 -1 -1 9 99 10 -1 -1 71 -1 -1 -1 -1 -1 -1 11
-1 -1 -1 11 -1 -1 -1 -1 -1 -1 -1 9 -1 -1 -1 -1 -1
-1 -1 -1 -1 -1 -1 -1 11 -1 -1 -1 -1 11 78 -1 -1
11 -1 -1 -1 -1 -1 -1 -1 -1 -1 -1 -1 10 -1 -1
-1 -1 -1 9 -1 -1 -1 -1 -1 -1 -1 -1 -1 -1
-1 -1 -1 -1 -1 -1 -1 -1 -1 -1 11 -1 -1
-1 -1 -1 -1 75 -1 -1 -1 -1 -1 -1 40
-1 -1 75 -1 10 -1 -1 -1 -1 11 -1
-1 -1 -1 -1 -1 -1 -1 -1 -1 -1
-1 -1 -1 -1 -1 -1 -1 -1 -1
10 -1 -1 -1 10 -1 -1 -1
-1 10 53 -1 -1 -1 -1
-1 -1 -1 -1 10 -1
-1 -1 -1 70 -1
-1 10 -1 100
-1 -1 11
-1 -1
-1